0000000000000000 0 0000000000000000 0000000000000000 00000000 0
FFFFFFFFFFFFFFFF 0 0000000000000003 0000000000000005 0000000A F
0000000000000007 1 0000000000000003 0000000000000005 0000000A 0
000000000000000F 1 0000000000000003 0000000000000005 0000000A 0
0000000000000017 1 0000000000000003 0000000000000005 0000000A 1
000000000000001F 1 0000000000000003 0000000000000005 0000000A 1
0000000000000027 1 0000000000000003 0000000000000005 0000000A 2
000000000000002F 1 0000000000000003 0000000000000005 0000000A 2
0000000000000037 1 0000000000000003 0000000000000005 0000000A 3
000000000000003F 1 0000000000000003 0000000000000005 0000000A 3
0000000000000047 1 0000000000000003 0000000000000005 0000000A 4
000000000000004F 1 0000000000000003 0000000000000005 0000000A 4
0000000000000057 1 0000000000000003 0000000000000005 0000000A 5
000000000000005F 1 0000000000000003 0000000000000005 0000000A 5
0000000000000067 1 0000000000000003 0000000000000005 0000000A 6
000000000000006F 1 0000000000000003 0000000000000005 0000000A 6
0000000000000077 1 0000000000000003 0000000000000005 0000000A 7
000000000000007F 1 0000000000000003 0000000000000005 0000000A 7
0000000000000087 1 0000000000000003 0000000000000005 0000000A 8
0000000000000097 1 0000000000000003 0000000000000005 0000000A 8
000000000000009F 1 0000000000000003 0000000000000005 0000000A 9
00000000000000A7 1 0000000000000003 0000000000000005 0000000A 9
00000000000000AF 1 0000000000000003 0000000000000005 0000000A A
00000000000000B7 1 0000000000000003 0000000000000005 0000000A A
00000000000000BF 1 0000000000000003 0000000000000005 0000000A B
00000000000000C7 1 0000000000000003 0000000000000005 0000000A C
00000000000000CF 1 0000000000000003 0000000000000005 0000000A D
