 ALU64                0                0 0000000000000000
 ALU64                0                0 0000000000000000
 ALU64                0                0 0000000000000000
 ALU64                0                0 0000000000000000
 ALU64                0                0 0000000000000000
 ALU64                0                0 0000000000000000
 ALU64                0                0 0000000000000000
 ALU64                0                0 0000000000000000
 ALU64                0                0 0000000000000000
 ALU64                0                0 0000000000000000
 ALU64                0                0 0000000000000000
 ALU64                0                0 0000000000000000
 ALU64                0                0 0000000000000000
 ALU64                0                0 0000000000000000
 ALU64                0                0 0000000000000000
 ALU64                0                0 0000000000000000
 ALU64                0                0 0000000000000000
